timeStamp,elapsed,label,responseCode,responseMessage,threadName,dataType,success,failureMessage,bytes,sentBytes,grpThreads,allThreads,URL,Latency,IdleTime,Connect
1701038074964,71,POST Admin Login,200,,POST Ingredients 1-1,text,true,,628,240,1,1,http://localhost:8080/auth/login,71,0,2
1701038075035,13,POST Ingredients,201,,POST Ingredients 1-1,text,true,,509,441,1,1,http://localhost:8080/ingredients,13,0,0
1701038075048,9,POST Ingredients,201,,POST Ingredients 1-1,text,true,,509,441,1,1,http://localhost:8080/ingredients,9,0,0
1701038075058,9,POST Ingredients,201,,POST Ingredients 1-1,text,true,,509,441,1,1,http://localhost:8080/ingredients,9,0,0
1701038075067,8,POST Ingredients,201,,POST Ingredients 1-1,text,true,,509,441,1,1,http://localhost:8080/ingredients,8,0,0
1701038075075,6,POST Ingredients,201,,POST Ingredients 1-1,text,true,,509,441,1,1,http://localhost:8080/ingredients,6,0,0
1701038075081,18,POST Ingredients,201,,POST Ingredients 1-1,text,true,,509,441,1,1,http://localhost:8080/ingredients,17,0,0
1701038075099,9,POST Ingredients,201,,POST Ingredients 1-1,text,true,,509,441,1,1,http://localhost:8080/ingredients,8,0,0
1701038075108,8,POST Ingredients,201,,POST Ingredients 1-1,text,true,,510,441,1,1,http://localhost:8080/ingredients,8,0,0
1701038075116,7,POST Ingredients,201,,POST Ingredients 1-1,text,true,,510,441,1,1,http://localhost:8080/ingredients,7,0,0
1701038075123,26,POST Ingredients,201,,POST Ingredients 1-1,text,true,,510,441,1,1,http://localhost:8080/ingredients,26,0,0
1701038075149,8,POST Ingredients,201,,POST Ingredients 1-1,text,true,,510,441,1,1,http://localhost:8080/ingredients,8,0,0
1701038075157,7,POST Ingredients,201,,POST Ingredients 1-1,text,true,,510,441,1,1,http://localhost:8080/ingredients,7,0,0
1701038075164,6,POST Ingredients,201,,POST Ingredients 1-1,text,true,,510,441,1,1,http://localhost:8080/ingredients,6,0,0
1701038075170,6,POST Ingredients,201,,POST Ingredients 1-1,text,true,,510,441,1,1,http://localhost:8080/ingredients,6,0,0
1701038075176,6,POST Ingredients,201,,POST Ingredients 1-1,text,true,,510,441,1,1,http://localhost:8080/ingredients,6,0,0
1701038075182,8,POST Ingredients,201,,POST Ingredients 1-1,text,true,,510,441,1,1,http://localhost:8080/ingredients,8,0,0
1701038075190,9,POST Ingredients,201,,POST Ingredients 1-1,text,true,,510,441,1,1,http://localhost:8080/ingredients,9,0,0
1701038075199,9,POST Ingredients,201,,POST Ingredients 1-1,text,true,,510,441,1,1,http://localhost:8080/ingredients,8,0,0
1701038075208,9,POST Ingredients,201,,POST Ingredients 1-1,text,true,,510,441,1,1,http://localhost:8080/ingredients,9,0,0
1701038075218,8,POST Ingredients,201,,POST Ingredients 1-1,text,true,,510,441,1,1,http://localhost:8080/ingredients,8,0,0
1701038075227,9,POST Ingredients,201,,POST Ingredients 1-1,text,true,,510,441,1,1,http://localhost:8080/ingredients,8,0,0
1701038075236,10,POST Ingredients,201,,POST Ingredients 1-1,text,true,,510,441,1,1,http://localhost:8080/ingredients,10,0,0
1701038075246,9,POST Ingredients,201,,POST Ingredients 1-1,text,true,,510,441,1,1,http://localhost:8080/ingredients,9,0,0
1701038075255,12,POST Ingredients,201,,POST Ingredients 1-1,text,true,,510,441,1,1,http://localhost:8080/ingredients,12,0,0
1701038075267,10,POST Ingredients,201,,POST Ingredients 1-1,text,true,,510,441,1,1,http://localhost:8080/ingredients,9,0,0
1701038075277,9,POST Ingredients,201,,POST Ingredients 1-1,text,true,,510,441,1,1,http://localhost:8080/ingredients,9,0,0
1701038075286,9,POST Ingredients,201,,POST Ingredients 1-1,text,true,,510,441,1,1,http://localhost:8080/ingredients,9,0,0
1701038075296,8,POST Ingredients,201,,POST Ingredients 1-1,text,true,,510,441,1,1,http://localhost:8080/ingredients,8,0,0
1701038075304,7,POST Ingredients,201,,POST Ingredients 1-1,text,true,,510,441,1,1,http://localhost:8080/ingredients,7,0,0
1701038075311,7,POST Ingredients,201,,POST Ingredients 1-1,text,true,,510,441,1,1,http://localhost:8080/ingredients,7,0,0
1701038075319,6,POST Ingredients,201,,POST Ingredients 1-1,text,true,,510,441,1,1,http://localhost:8080/ingredients,6,0,0
1701038075325,9,POST Ingredients,201,,POST Ingredients 1-1,text,true,,510,441,1,1,http://localhost:8080/ingredients,9,0,0
1701038075334,7,POST Ingredients,201,,POST Ingredients 1-1,text,true,,510,441,1,1,http://localhost:8080/ingredients,7,0,0
1701038075341,7,POST Ingredients,201,,POST Ingredients 1-1,text,true,,510,441,1,1,http://localhost:8080/ingredients,7,0,0
1701038075349,7,POST Ingredients,201,,POST Ingredients 1-1,text,true,,510,441,1,1,http://localhost:8080/ingredients,7,0,0
1701038075356,7,POST Ingredients,201,,POST Ingredients 1-1,text,true,,510,441,1,1,http://localhost:8080/ingredients,7,0,0
1701038075363,6,POST Ingredients,201,,POST Ingredients 1-1,text,true,,510,441,1,1,http://localhost:8080/ingredients,6,0,0
1701038075369,7,POST Ingredients,201,,POST Ingredients 1-1,text,true,,510,441,1,1,http://localhost:8080/ingredients,7,0,0
1701038075376,7,POST Ingredients,201,,POST Ingredients 1-1,text,true,,510,441,1,1,http://localhost:8080/ingredients,7,0,0
1701038075383,7,POST Ingredients,201,,POST Ingredients 1-1,text,true,,510,441,1,1,http://localhost:8080/ingredients,6,0,0
1701038075390,9,POST Ingredients,201,,POST Ingredients 1-1,text,true,,510,441,1,1,http://localhost:8080/ingredients,9,0,0
1701038075399,8,POST Ingredients,201,,POST Ingredients 1-1,text,true,,510,441,1,1,http://localhost:8080/ingredients,8,0,0
1701038075407,9,POST Ingredients,201,,POST Ingredients 1-1,text,true,,510,441,1,1,http://localhost:8080/ingredients,9,0,0
1701038075417,7,POST Ingredients,201,,POST Ingredients 1-1,text,true,,510,441,1,1,http://localhost:8080/ingredients,7,0,0
1701038075424,9,POST Ingredients,201,,POST Ingredients 1-1,text,true,,510,441,1,1,http://localhost:8080/ingredients,9,0,0
1701038075434,7,POST Ingredients,201,,POST Ingredients 1-1,text,true,,510,441,1,1,http://localhost:8080/ingredients,7,0,0
1701038075441,8,POST Ingredients,201,,POST Ingredients 1-1,text,true,,510,441,1,1,http://localhost:8080/ingredients,8,0,0
1701038075449,8,POST Ingredients,201,,POST Ingredients 1-1,text,true,,510,441,1,1,http://localhost:8080/ingredients,8,0,0
1701038075457,10,POST Ingredients,201,,POST Ingredients 1-1,text,true,,510,441,1,1,http://localhost:8080/ingredients,10,0,0
1701038075467,9,POST Ingredients,201,,POST Ingredients 1-1,text,true,,510,441,1,1,http://localhost:8080/ingredients,9,0,0
1701038075476,9,POST Ingredients,201,,POST Ingredients 1-1,text,true,,510,441,1,1,http://localhost:8080/ingredients,9,0,0
1701038075485,8,POST Ingredients,201,,POST Ingredients 1-1,text,true,,510,441,1,1,http://localhost:8080/ingredients,8,0,0
1701038075493,6,POST Ingredients,201,,POST Ingredients 1-1,text,true,,510,441,1,1,http://localhost:8080/ingredients,6,0,0
1701038075499,5,POST Ingredients,201,,POST Ingredients 1-1,text,true,,510,441,1,1,http://localhost:8080/ingredients,5,0,0
1701038075504,6,POST Ingredients,201,,POST Ingredients 1-1,text,true,,510,441,1,1,http://localhost:8080/ingredients,6,0,0
1701038075510,6,POST Ingredients,201,,POST Ingredients 1-1,text,true,,510,441,1,1,http://localhost:8080/ingredients,6,0,0
1701038075517,5,POST Ingredients,201,,POST Ingredients 1-1,text,true,,510,441,1,1,http://localhost:8080/ingredients,5,0,0
1701038075522,7,POST Ingredients,201,,POST Ingredients 1-1,text,true,,510,441,1,1,http://localhost:8080/ingredients,7,0,0
1701038075529,6,POST Ingredients,201,,POST Ingredients 1-1,text,true,,510,441,1,1,http://localhost:8080/ingredients,6,0,0
1701038075535,6,POST Ingredients,201,,POST Ingredients 1-1,text,true,,510,441,1,1,http://localhost:8080/ingredients,6,0,0
1701038075542,7,POST Ingredients,201,,POST Ingredients 1-1,text,true,,510,441,1,1,http://localhost:8080/ingredients,7,0,0
1701038075550,6,POST Ingredients,201,,POST Ingredients 1-1,text,true,,510,441,1,1,http://localhost:8080/ingredients,6,0,0
1701038075556,7,POST Ingredients,201,,POST Ingredients 1-1,text,true,,510,441,1,1,http://localhost:8080/ingredients,7,0,0
1701038075563,7,POST Ingredients,201,,POST Ingredients 1-1,text,true,,510,441,1,1,http://localhost:8080/ingredients,6,0,0
1701038075570,6,POST Ingredients,201,,POST Ingredients 1-1,text,true,,510,441,1,1,http://localhost:8080/ingredients,6,0,0
1701038075576,7,POST Ingredients,201,,POST Ingredients 1-1,text,true,,510,441,1,1,http://localhost:8080/ingredients,7,0,0
1701038075583,9,POST Ingredients,201,,POST Ingredients 1-1,text,true,,510,441,1,1,http://localhost:8080/ingredients,9,0,0
1701038075593,9,POST Ingredients,201,,POST Ingredients 1-1,text,true,,510,441,1,1,http://localhost:8080/ingredients,9,0,0
1701038075602,9,POST Ingredients,201,,POST Ingredients 1-1,text,true,,510,441,1,1,http://localhost:8080/ingredients,9,0,0
1701038075612,9,POST Ingredients,201,,POST Ingredients 1-1,text,true,,510,441,1,1,http://localhost:8080/ingredients,9,0,0
1701038075622,10,POST Ingredients,201,,POST Ingredients 1-1,text,true,,510,441,1,1,http://localhost:8080/ingredients,10,0,0
1701038075632,10,POST Ingredients,201,,POST Ingredients 1-1,text,true,,510,441,1,1,http://localhost:8080/ingredients,10,0,0
1701038075642,9,POST Ingredients,201,,POST Ingredients 1-1,text,true,,510,441,1,1,http://localhost:8080/ingredients,9,0,0
1701038075651,9,POST Ingredients,201,,POST Ingredients 1-1,text,true,,510,441,1,1,http://localhost:8080/ingredients,9,0,0
1701038075661,8,POST Ingredients,201,,POST Ingredients 1-1,text,true,,510,441,1,1,http://localhost:8080/ingredients,8,0,0
1701038075669,10,POST Ingredients,201,,POST Ingredients 1-1,text,true,,510,441,1,1,http://localhost:8080/ingredients,10,0,0
1701038075679,11,POST Ingredients,201,,POST Ingredients 1-1,text,true,,510,441,1,1,http://localhost:8080/ingredients,11,0,0
1701038075691,8,POST Ingredients,201,,POST Ingredients 1-1,text,true,,510,441,1,1,http://localhost:8080/ingredients,8,0,0
1701038075699,7,POST Ingredients,201,,POST Ingredients 1-1,text,true,,510,441,1,1,http://localhost:8080/ingredients,7,0,0
1701038075706,10,POST Ingredients,201,,POST Ingredients 1-1,text,true,,510,441,1,1,http://localhost:8080/ingredients,10,0,0
1701038075716,8,POST Ingredients,201,,POST Ingredients 1-1,text,true,,510,441,1,1,http://localhost:8080/ingredients,8,0,0
1701038075724,5,POST Ingredients,201,,POST Ingredients 1-1,text,true,,510,441,1,1,http://localhost:8080/ingredients,5,0,0
1701038075729,6,POST Ingredients,201,,POST Ingredients 1-1,text,true,,510,441,1,1,http://localhost:8080/ingredients,6,0,0
1701038075735,8,POST Ingredients,201,,POST Ingredients 1-1,text,true,,510,441,1,1,http://localhost:8080/ingredients,7,0,0
1701038075743,6,POST Ingredients,201,,POST Ingredients 1-1,text,true,,510,441,1,1,http://localhost:8080/ingredients,6,0,0
1701038075749,5,POST Ingredients,201,,POST Ingredients 1-1,text,true,,510,441,1,1,http://localhost:8080/ingredients,5,0,0
1701038075754,6,POST Ingredients,201,,POST Ingredients 1-1,text,true,,510,441,1,1,http://localhost:8080/ingredients,6,0,0
1701038075760,8,POST Ingredients,201,,POST Ingredients 1-1,text,true,,510,441,1,1,http://localhost:8080/ingredients,8,0,0
1701038075768,7,POST Ingredients,201,,POST Ingredients 1-1,text,true,,510,441,1,1,http://localhost:8080/ingredients,7,0,0
1701038075775,10,POST Ingredients,201,,POST Ingredients 1-1,text,true,,510,441,1,1,http://localhost:8080/ingredients,9,0,0
1701038075785,9,POST Ingredients,201,,POST Ingredients 1-1,text,true,,510,441,1,1,http://localhost:8080/ingredients,8,0,0
1701038075794,10,POST Ingredients,201,,POST Ingredients 1-1,text,true,,510,441,1,1,http://localhost:8080/ingredients,10,0,0
1701038075805,11,POST Ingredients,201,,POST Ingredients 1-1,text,true,,510,441,1,1,http://localhost:8080/ingredients,11,0,0
1701038075816,10,POST Ingredients,201,,POST Ingredients 1-1,text,true,,510,441,1,1,http://localhost:8080/ingredients,10,0,0
1701038075826,9,POST Ingredients,201,,POST Ingredients 1-1,text,true,,510,441,1,1,http://localhost:8080/ingredients,9,0,0
1701038075835,13,POST Ingredients,201,,POST Ingredients 1-1,text,true,,510,441,1,1,http://localhost:8080/ingredients,13,0,0
1701038075848,12,POST Ingredients,201,,POST Ingredients 1-1,text,true,,510,441,1,1,http://localhost:8080/ingredients,12,0,0
1701038075860,11,POST Ingredients,201,,POST Ingredients 1-1,text,true,,511,441,1,1,http://localhost:8080/ingredients,11,0,0
1701038075871,11,POST Ingredients,201,,POST Ingredients 1-1,text,true,,482,441,1,1,http://localhost:8080/ingredients,11,0,0
1701038075882,11,POST Ingredients,201,,POST Ingredients 1-1,text,true,,511,441,1,1,http://localhost:8080/ingredients,11,0,0
1701038075893,7,POST Ingredients,201,,POST Ingredients 1-1,text,true,,511,441,1,1,http://localhost:8080/ingredients,7,0,0
1701038075900,7,POST Ingredients,201,,POST Ingredients 1-1,text,true,,511,441,1,1,http://localhost:8080/ingredients,7,0,0
1701038075907,8,POST Ingredients,201,,POST Ingredients 1-1,text,true,,511,441,1,1,http://localhost:8080/ingredients,8,0,0
1701038075915,9,POST Ingredients,201,,POST Ingredients 1-1,text,true,,511,441,1,1,http://localhost:8080/ingredients,9,0,0
1701038075924,8,POST Ingredients,201,,POST Ingredients 1-1,text,true,,511,441,1,1,http://localhost:8080/ingredients,8,0,0
1701038075932,8,POST Ingredients,201,,POST Ingredients 1-1,text,true,,511,441,1,1,http://localhost:8080/ingredients,8,0,0
1701038075940,9,POST Ingredients,201,,POST Ingredients 1-1,text,true,,511,441,1,1,http://localhost:8080/ingredients,9,0,0
1701038075950,6,POST Ingredients,201,,POST Ingredients 1-1,text,true,,511,441,1,1,http://localhost:8080/ingredients,6,0,0
1701038075956,11,POST Ingredients,201,,POST Ingredients 1-1,text,true,,511,441,1,1,http://localhost:8080/ingredients,11,0,0
1701038075968,11,POST Ingredients,201,,POST Ingredients 1-1,text,true,,511,441,1,1,http://localhost:8080/ingredients,11,0,0
1701038075979,9,POST Ingredients,201,,POST Ingredients 1-1,text,true,,511,441,1,1,http://localhost:8080/ingredients,9,0,0
1701038075988,11,POST Ingredients,201,,POST Ingredients 1-1,text,true,,511,441,1,1,http://localhost:8080/ingredients,11,0,0
1701038075999,7,POST Ingredients,201,,POST Ingredients 1-1,text,true,,511,441,1,1,http://localhost:8080/ingredients,7,0,0
1701038076006,13,POST Ingredients,201,,POST Ingredients 1-1,text,true,,511,441,1,1,http://localhost:8080/ingredients,13,0,0
1701038076019,13,POST Ingredients,201,,POST Ingredients 1-1,text,true,,511,441,1,1,http://localhost:8080/ingredients,13,0,0
1701038076032,12,POST Ingredients,201,,POST Ingredients 1-1,text,true,,511,441,1,1,http://localhost:8080/ingredients,12,0,0
1701038076044,8,POST Ingredients,201,,POST Ingredients 1-1,text,true,,511,441,1,1,http://localhost:8080/ingredients,8,0,0
1701038076053,9,POST Ingredients,201,,POST Ingredients 1-1,text,true,,511,441,1,1,http://localhost:8080/ingredients,9,0,0
1701038076062,9,POST Ingredients,201,,POST Ingredients 1-1,text,true,,511,441,1,1,http://localhost:8080/ingredients,9,0,0
1701038076071,12,POST Ingredients,201,,POST Ingredients 1-1,text,true,,511,441,1,1,http://localhost:8080/ingredients,12,0,0
1701038076083,12,POST Ingredients,201,,POST Ingredients 1-1,text,true,,511,441,1,1,http://localhost:8080/ingredients,12,0,0
1701038076096,17,POST Ingredients,201,,POST Ingredients 1-1,text,true,,511,441,1,1,http://localhost:8080/ingredients,17,0,0
1701038076114,7,POST Ingredients,201,,POST Ingredients 1-1,text,true,,511,441,1,1,http://localhost:8080/ingredients,7,0,0
1701038076121,7,POST Ingredients,201,,POST Ingredients 1-1,text,true,,511,441,1,1,http://localhost:8080/ingredients,7,0,0
1701038076129,5,POST Ingredients,201,,POST Ingredients 1-1,text,true,,511,441,1,1,http://localhost:8080/ingredients,5,0,0
1701038076134,6,POST Ingredients,201,,POST Ingredients 1-1,text,true,,511,441,1,1,http://localhost:8080/ingredients,6,0,0
1701038076141,7,POST Ingredients,201,,POST Ingredients 1-1,text,true,,511,441,1,1,http://localhost:8080/ingredients,7,0,0
1701038076148,6,POST Ingredients,201,,POST Ingredients 1-1,text,true,,511,441,1,1,http://localhost:8080/ingredients,6,0,0
1701038076154,5,POST Ingredients,201,,POST Ingredients 1-1,text,true,,511,441,1,1,http://localhost:8080/ingredients,5,0,0
1701038076159,6,POST Ingredients,201,,POST Ingredients 1-1,text,true,,511,441,1,1,http://localhost:8080/ingredients,6,0,0
1701038076165,5,POST Ingredients,201,,POST Ingredients 1-1,text,true,,511,441,1,1,http://localhost:8080/ingredients,5,0,0
1701038076170,6,POST Ingredients,201,,POST Ingredients 1-1,text,true,,511,441,1,1,http://localhost:8080/ingredients,6,0,0
1701038076177,5,POST Ingredients,201,,POST Ingredients 1-1,text,true,,511,441,1,1,http://localhost:8080/ingredients,5,0,0
1701038076183,6,POST Ingredients,201,,POST Ingredients 1-1,text,true,,511,441,1,1,http://localhost:8080/ingredients,6,0,0
1701038076190,6,POST Ingredients,201,,POST Ingredients 1-1,text,true,,511,441,1,1,http://localhost:8080/ingredients,6,0,0
1701038076196,7,POST Ingredients,201,,POST Ingredients 1-1,text,true,,511,441,1,1,http://localhost:8080/ingredients,7,0,0
1701038076203,10,POST Ingredients,201,,POST Ingredients 1-1,text,true,,511,441,1,1,http://localhost:8080/ingredients,10,0,0
1701038076213,7,POST Ingredients,201,,POST Ingredients 1-1,text,true,,511,441,1,1,http://localhost:8080/ingredients,7,0,0
1701038076220,10,POST Ingredients,201,,POST Ingredients 1-1,text,true,,511,441,1,1,http://localhost:8080/ingredients,9,0,0
1701038076230,7,POST Ingredients,201,,POST Ingredients 1-1,text,true,,511,441,1,1,http://localhost:8080/ingredients,7,0,0
1701038076237,9,POST Ingredients,201,,POST Ingredients 1-1,text,true,,511,441,1,1,http://localhost:8080/ingredients,9,0,0
1701038076247,10,POST Ingredients,201,,POST Ingredients 1-1,text,true,,511,441,1,1,http://localhost:8080/ingredients,10,0,0
1701038076258,12,POST Ingredients,201,,POST Ingredients 1-1,text,true,,511,441,1,1,http://localhost:8080/ingredients,12,0,0
1701038076270,12,POST Ingredients,201,,POST Ingredients 1-1,text,true,,511,441,1,1,http://localhost:8080/ingredients,12,0,0
1701038076283,9,POST Ingredients,201,,POST Ingredients 1-1,text,true,,511,441,1,1,http://localhost:8080/ingredients,9,0,0
1701038076293,10,POST Ingredients,201,,POST Ingredients 1-1,text,true,,511,441,1,1,http://localhost:8080/ingredients,10,0,0
1701038076303,9,POST Ingredients,201,,POST Ingredients 1-1,text,true,,511,441,1,1,http://localhost:8080/ingredients,9,0,0
1701038076312,7,POST Ingredients,201,,POST Ingredients 1-1,text,true,,511,441,1,1,http://localhost:8080/ingredients,7,0,0
1701038076319,7,POST Ingredients,201,,POST Ingredients 1-1,text,true,,511,441,1,1,http://localhost:8080/ingredients,7,0,0
1701038076326,7,POST Ingredients,201,,POST Ingredients 1-1,text,true,,511,441,1,1,http://localhost:8080/ingredients,7,0,0
1701038076333,6,POST Ingredients,201,,POST Ingredients 1-1,text,true,,511,441,1,1,http://localhost:8080/ingredients,6,0,0
1701038076339,7,POST Ingredients,201,,POST Ingredients 1-1,text,true,,511,441,1,1,http://localhost:8080/ingredients,7,0,0
1701038076346,7,POST Ingredients,201,,POST Ingredients 1-1,text,true,,511,441,1,1,http://localhost:8080/ingredients,7,0,0
1701038076353,7,POST Ingredients,201,,POST Ingredients 1-1,text,true,,511,441,1,1,http://localhost:8080/ingredients,7,0,0
1701038076360,7,POST Ingredients,201,,POST Ingredients 1-1,text,true,,511,441,1,1,http://localhost:8080/ingredients,7,0,0
1701038076367,6,POST Ingredients,201,,POST Ingredients 1-1,text,true,,511,441,1,1,http://localhost:8080/ingredients,6,0,0
1701038076373,7,POST Ingredients,201,,POST Ingredients 1-1,text,true,,511,441,1,1,http://localhost:8080/ingredients,7,0,0
1701038076381,7,POST Ingredients,201,,POST Ingredients 1-1,text,true,,511,441,1,1,http://localhost:8080/ingredients,7,0,0
1701038076388,10,POST Ingredients,201,,POST Ingredients 1-1,text,true,,511,441,1,1,http://localhost:8080/ingredients,10,0,0
1701038076399,9,POST Ingredients,201,,POST Ingredients 1-1,text,true,,511,441,1,1,http://localhost:8080/ingredients,9,0,0
1701038076408,12,POST Ingredients,201,,POST Ingredients 1-1,text,true,,511,441,1,1,http://localhost:8080/ingredients,12,0,0
1701038076420,11,POST Ingredients,201,,POST Ingredients 1-1,text,true,,511,441,1,1,http://localhost:8080/ingredients,11,0,0
1701038076431,10,POST Ingredients,201,,POST Ingredients 1-1,text,true,,511,441,1,1,http://localhost:8080/ingredients,10,0,0
1701038076442,8,POST Ingredients,201,,POST Ingredients 1-1,text,true,,511,441,1,1,http://localhost:8080/ingredients,8,0,0
1701038076450,10,POST Ingredients,201,,POST Ingredients 1-1,text,true,,511,441,1,1,http://localhost:8080/ingredients,10,0,0
1701038076460,10,POST Ingredients,201,,POST Ingredients 1-1,text,true,,511,441,1,1,http://localhost:8080/ingredients,10,0,0
1701038076470,10,POST Ingredients,201,,POST Ingredients 1-1,text,true,,511,441,1,1,http://localhost:8080/ingredients,10,0,0
1701038076480,9,POST Ingredients,201,,POST Ingredients 1-1,text,true,,511,441,1,1,http://localhost:8080/ingredients,9,0,0
1701038076489,10,POST Ingredients,201,,POST Ingredients 1-1,text,true,,511,441,1,1,http://localhost:8080/ingredients,10,0,0
1701038076499,10,POST Ingredients,201,,POST Ingredients 1-1,text,true,,511,441,1,1,http://localhost:8080/ingredients,10,0,0
1701038076509,8,POST Ingredients,201,,POST Ingredients 1-1,text,true,,511,441,1,1,http://localhost:8080/ingredients,8,0,0
1701038076518,6,POST Ingredients,201,,POST Ingredients 1-1,text,true,,511,441,1,1,http://localhost:8080/ingredients,6,0,0
1701038076524,10,POST Ingredients,201,,POST Ingredients 1-1,text,true,,511,441,1,1,http://localhost:8080/ingredients,10,0,0
1701038076534,7,POST Ingredients,201,,POST Ingredients 1-1,text,true,,511,441,1,1,http://localhost:8080/ingredients,7,0,0
1701038076541,7,POST Ingredients,201,,POST Ingredients 1-1,text,true,,511,441,1,1,http://localhost:8080/ingredients,7,0,0
1701038076548,8,POST Ingredients,201,,POST Ingredients 1-1,text,true,,511,441,1,1,http://localhost:8080/ingredients,8,0,0
1701038076556,10,POST Ingredients,201,,POST Ingredients 1-1,text,true,,511,441,1,1,http://localhost:8080/ingredients,10,0,0
1701038076566,12,POST Ingredients,201,,POST Ingredients 1-1,text,true,,511,441,1,1,http://localhost:8080/ingredients,12,0,0
1701038076578,7,POST Ingredients,201,,POST Ingredients 1-1,text,true,,511,441,1,1,http://localhost:8080/ingredients,7,0,0
1701038076585,8,POST Ingredients,201,,POST Ingredients 1-1,text,true,,511,441,1,1,http://localhost:8080/ingredients,8,0,0
1701038076594,8,POST Ingredients,201,,POST Ingredients 1-1,text,true,,511,441,1,1,http://localhost:8080/ingredients,8,0,0
1701038076602,12,POST Ingredients,201,,POST Ingredients 1-1,text,true,,511,441,1,1,http://localhost:8080/ingredients,12,0,0
1701038076614,10,POST Ingredients,201,,POST Ingredients 1-1,text,true,,511,441,1,1,http://localhost:8080/ingredients,10,0,0
1701038076624,12,POST Ingredients,201,,POST Ingredients 1-1,text,true,,511,441,1,1,http://localhost:8080/ingredients,12,0,0
1701038076636,9,POST Ingredients,201,,POST Ingredients 1-1,text,true,,511,441,1,1,http://localhost:8080/ingredients,9,0,0
1701038076645,9,POST Ingredients,201,,POST Ingredients 1-1,text,true,,511,441,1,1,http://localhost:8080/ingredients,9,0,0
1701038076655,9,POST Ingredients,201,,POST Ingredients 1-1,text,true,,511,441,1,1,http://localhost:8080/ingredients,9,0,0
1701038076665,10,POST Ingredients,201,,POST Ingredients 1-1,text,true,,511,441,1,1,http://localhost:8080/ingredients,9,0,0
1701038076675,9,POST Ingredients,201,,POST Ingredients 1-1,text,true,,511,441,1,1,http://localhost:8080/ingredients,9,0,0
1701038076684,11,POST Ingredients,201,,POST Ingredients 1-1,text,true,,511,441,1,1,http://localhost:8080/ingredients,11,0,0
1701038076695,10,POST Ingredients,201,,POST Ingredients 1-1,text,true,,511,441,1,1,http://localhost:8080/ingredients,10,0,0
1701038076705,7,POST Ingredients,201,,POST Ingredients 1-1,text,true,,511,441,1,1,http://localhost:8080/ingredients,7,0,0
1701038076713,8,POST Ingredients,201,,POST Ingredients 1-1,text,true,,511,441,1,1,http://localhost:8080/ingredients,8,0,0
1701038076721,8,POST Ingredients,201,,POST Ingredients 1-1,text,true,,511,441,1,1,http://localhost:8080/ingredients,8,0,0
1701038076730,8,POST Ingredients,201,,POST Ingredients 1-1,text,true,,511,441,1,1,http://localhost:8080/ingredients,8,0,0
1701038076738,8,POST Ingredients,201,,POST Ingredients 1-1,text,true,,511,441,1,1,http://localhost:8080/ingredients,8,0,0
1701038076746,8,POST Ingredients,201,,POST Ingredients 1-1,text,true,,511,441,1,1,http://localhost:8080/ingredients,8,0,0
1701038076754,7,POST Ingredients,201,,POST Ingredients 1-1,text,true,,511,441,1,1,http://localhost:8080/ingredients,7,0,0
1701038076761,9,POST Ingredients,201,,POST Ingredients 1-1,text,true,,482,441,1,1,http://localhost:8080/ingredients,9,0,0
1701038076771,11,POST Ingredients,201,,POST Ingredients 1-1,text,true,,511,441,1,1,http://localhost:8080/ingredients,11,0,0
